0 0.476321 0.327645 0.030409 0.365188
0 0.547607 0.304608 0.039382 0.435154
0 0.268943 0.30802 0.042373 0.476109
0 0.472582 0.750853 0.025922 0.327645
0 0.075523 0.320819 0.031406 0.385666
0 0.961864 0.476109 0.0334 0.426621
0 0.444417 0.325939 0.024427 0.382253
0 0.578265 0.741468 0.024925 0.329352
0 0.787637 0.343857 0.024925 0.319113
0 0.21984 0.309727 0.038883 0.510239
0 0.335743 0.327645 0.035394 0.416382
0 0.12662 0.319966 0.030907 0.459044
0 0.878863 0.308874 0.036889 0.488055
0 0.593719 0.291809 0.042871 0.406143
0 0.375374 0.326792 0.040877 0.390785
0 0.042124 0.314846 0.026421 0.404437
0 0.66675 0.324232 0.030409 0.385666
0 0.159272 0.318259 0.0334 0.438567
0 0.738036 0.785836 0.021436 0.237201
0 0.79337 0.762799 0.02343 0.331058
0 0.755982 0.343003 0.02343 0.331058
0 0.702891 0.323379 0.032901 0.370307
0 0.546112 0.743174 0.02343 0.33959
0 0.839731 0.306314 0.026421 0.496587
0 0.821535 0.760239 0.024925 0.322526
0 0.92348 0.469283 0.030409 0.450512
0 0.658524 0.751706 0.025922 0.302048
0 0.351196 0.75256 0.025424 0.31058
0 0.385593 0.751706 0.027418 0.302048
0 0.442173 0.75256 0.020937 0.337884
